price
20075.241456363165
1468.708226401275
1.0007390461825243
1.001
278.67610328715574
1.001
0.37804390066315985
0.48186792154635577
33.21434154799812
7.119271757966959
0.06166873783774034
0.00001183
1.001
1456.87
0.8230974572191408
0.06197094362288062
18.43
16.577671276880977
34.36885210158242
5.9621160079310584
58.172569203919466
7.985817405516613
4.319414868924451
24.57477397449158
0.11260197095410836
0.10995797535677442
150.2928888987711
122.10204289673202
0.307924466295763
0.00030628
1.8012201190858683
0.02403062096874061
5.89
6.32
4.99
0.7119219724960089
1.4671264276807818
403.25
110.48
0.998061
0.0612984268002503
1.5448359592174248
0.064177
0.7463702054808903
0.898104
0.00528217
1.89
13.08
0.2183590013616962
50.77891281573256
81.16828428406464
1.1132348014920426
0.999991402118986
52.27973191581418
0.9994446263118665
3.13
9.24
0.02266112
1.009161538102551
0.00004285
0.10806173386975663
8.35919
0.2690107792224721
58.372331958022905
1.001
4.607030921227029
1.5503030242207332
1.44
2.681301140690113
9.020214442575012
0.24977072792110905
0.208799
0.916361
4.288253751549696
4.33
684.0375546539367
0.059459
0.54075
0.021626366079885048
0.04836937097069737
4.41
0.00019005
1.81
0.4669191505165892
0.907105
1666.4696535701298
0.998023
0.9215358251286038
0.03460652536548896
0.5071534720078026
10.1
3.1
26.78138141138156
0.32715585024333255
44.80066483871916
0.357864
12387.05
29.55
5.72
